1 0 1 0
1 1 2 1112.2831
1 2 3 2827.2654
1 3 4 1720.4491
1 4 5 1336.3592
1 5 6 961.6395
1 6 7 940
2 1 3 2572.68044
2 2 4 7073.9156
2 3 5 5512.1325
2 4 6 4878.5199
2 5 7 4123.0578
2 6 8 3924.521
2 7 9 3349.038
2 8 10 2995.134
3 1 4 1153.7603
3 2 5 5266.1325
3 3 6 5332.3312
3 4 7 5606.4401
3 5 8 5159.7124
3 6 9 5037.7685
3 7 10 4531.3512
3 8 11 4155.3817
3 9 12 3791.5999
4 2 6 4487.2478
4 3 7 5371.5487
4 4 8 7062.4356
4 5 9 6462.6693
4 6 10 6497.6306
4 7 11 5952.5402
4 8 12 5720.7223
4 9 13 5241.4359
4 10 14 4993.8973
4 11 15 4540.9708
4 12 16 4285.2851
5 2 7 3558.7055
5 3 8 4717.1551
5 4 9 6257.0713
5 5 10 6475.0835
5 6 11 6927.7323
5 7 12 6631.2237
5 8 13 6496.4194
5 9 14 6101.6451
5 10 15 5880.0438
5 11 16 5507.3535
5 12 17 5269.6677
5 13 18 4976.6306
5 14 19 4719.6346
5 15 20 4405.6529
5 16 21 4152.5265
6 2 8 3101.5242
6 3 9 4337.4233
6 4 10 6032.0426
6 5 11 6676.4563
6 6 12 7680.1446
6 7 13 7469.8495
6 8 14 7520.3198
6 9 15 7100.1696
6 10 16 6922.0546
6 11 17 6558.0262
6 12 18 6426.1321
6 13 19 6118.274
6 14 20 5961.4356
6 16 22 5421.0778
7 3 10 3643.6724
7 4 11 5358.4023
7 5 12 6170.11
7 6 13 7238.8634
7 7 14 7475.6148
7 8 15 7699.4603
7 9 16 7373.7971
7 10 17 7286.2294
7 11 18 7038.5627
7 12 19 6948.5452
7 13 20 6709.1717
7 14 21 6609.0159
7 15 22 6378.5347
7 16 23 6236.6721
7 17 24 5887
8 3 11 3162.4372
8 4 12 4881.9755
8 5 13 5811.7636
8 6 14 7052.2783
8 7 15 7463.6915
8 8 16 7976.2072
8 9 17 7750.7291
8 10 18 7767.0981
8 11 19 7566.4952
8 12 20 7568.5707
8 13 21 7389.3747
8 14 22 7364.8722
8 15 23 7163.4856
8 16 24 7039.6855
8 17 25 6727.8058
8 18 26 6497.479
9 4 13 4297
9 5 14 5285.2091
9 6 15 6497.4597
9 7 16 6964.049
9 8 17 7542.3284
9 9 18 7631.6383
9 10 19 7779.0192
9 11 20 7720.1351
9 12 21 7738.2934
9 13 22 7624.2954
9 14 23 7622.3447
9 15 24 7463.5831
9 16 25 7336.3065
9 17 26 7082.2497
9 18 27 6879.6662
9 19 28 6626.8567
9 20 29 6444.0314
9 21 30 6205
9 22 31 6011
10 5 15 4868.7285
10 6 16 6083.1777
10 7 17 6640.4991
10 8 18 7341.2577
10 9 19 7567.3431
10 10 20 8032.2412
10 11 21 7971.7136
10 12 22 8080.4656
10 13 23 7955.2561
10 14 24 7993.3252
10 15 25 7839.7994
10 16 26 7751.911
10 17 27 7520.4151
10 18 28 7388.3463
10 19 29 7167.0673
10 20 30 7034.5317
10 21 31 6813.0902
10 22 32 6671
10 23 33 6436
10 24 34 6287
11 6 17 5522.7653
11 7 18 6202.2176
11 8 19 6937.8864
11 9 20 7298.5028
11 10 21 7765.5581
11 11 22 7915.6624
11 12 23 8111.4936
11 13 24 8063.4882
11 14 25 8101.3979
11 15 26 8004.2013
11 16 27 7956.9467
11 17 28 7799.2644
11 18 29 7682.1522
11 19 30 7501.9685
11 20 31 7398.6778
11 21 32 7219.8815
11 22 33 7089.9262
11 23 34 6886.4377
11 24 35 6745
11 25 36 6557
11 26 37 6403
12 7 19 5901.4992
12 8 20 6728.0252
12 9 21 7105.0317
12 10 22 7662.7645
12 11 23 7901.1229
12 12 24 8260.7103
12 13 25 8223.5028
12 14 26 8333.8711
12 15 27 8263.8525
12 16 28 8272.4531
12 17 29 8113.5317
12 18 30 8054.425
12 19 31 7869.1886
12 20 32 7803.8411
12 21 33 7636.4382
12 22 34 7550.3919
12 23 35 7356.2338
12 24 36 7244.4202
12 25 37 7055.1115
12 26 38 6928
12 27 39 6734
12 28 40 6598
13 8 21 6297
13 9 22 6782
13 10 23 7335.7275
13 11 24 7649.5806
13 12 25 8021.1366
13 13 26 8149.7653
13 14 27 8331.5533
13 15 28 8309.8969
13 16 29 8348.4647
13 17 30 8261.1049
13 18 31 8225.518
13 19 32 8100.3449
13 20 33 8020.6172
13 21 34 7860.3506
13 22 35 7787.1243
13 23 36 7623.5154
13 24 37 7531.316
13 25 38 7370
13 26 39 7260
13 27 40 7097
13 28 41 6980
13 29 42 6829
13 30 43 6712
14 8 22 6044
14 9 23 6554
14 10 24 7167.2329
14 11 25 7480.1109
14 12 26 7924.7083
14 13 27 8124.342
14 14 28 8447.7445
14 15 29 8448.6361
14 16 30 8520.6549
14 17 31 8458.2916
14 18 32 8481.469
14 19 33 8361.0596
14 20 34 8337.1659
14 21 35 8169.5644
14 22 36 8112.5199
14 23 37 7952.9033
14 24 38 7892.8297
14 25 39 7730.9793
14 26 40 7655.8247
14 27 41 7482
14 28 42 7410
14 29 43 7251
14 30 44 7156
15 10 25 6794
15 11 26 7198
15 12 27 7661.0894
15 13 28 7907.4842
15 14 29 8251.2368
15 15 30 8353.5064
15 16 31 8481.1677
15 17 32 8464.1203
15 18 33 8513.8073
15 19 34 8448.1856
15 20 35 8446.2496
15 21 36 8307.8692
15 22 37 8267.5561
15 23 38 8147.2749
15 24 39 8097.9701
15 25 40 7981.4177
15 26 41 7906.5513
15 27 42 7765.9122
15 28 43 7681
15 29 44 7552
15 30 45 7456
15 31 46 7320
16 10 26 6525
16 11 27 6960
16 12 28 7478.7911
16 13 29 7746.3826
16 14 30 8122.7081
16 15 31 8281.8013
16 16 32 8493.1301
16 17 33 8497.6304
16 18 34 8583.4986
16 19 35 8537.8511
16 20 36 8575.39
16 21 37 8459.9363
16 22 38 8448.7829
16 23 39 8344.2698
16 24 40 8329.3255
16 25 41 8229.6358
16 26 42 8193.2275
16 27 43 8063.8276
16 28 44 7996.0154
16 29 45 7867
16 30 46 7785
16 32 48 7552
17 12 29 7129
17 13 30 7472.1698
17 14 31 7869.2101
17 15 32 8072.4058
17 16 33 8304.7557
17 17 34 8398.9706
17 18 35 8520.279
17 19 36 8521.9322
17 20 37 8570.2816
17 21 38 8505.4817
17 22 39 8494.4032
17 23 40 8427.766
17 24 41 8412.9593
17 25 42 8345.8864
17 26 43 8323.8672
17 27 44 8234.4788
17 28 45 8181.5991
17 29 46 8080.7757
17 30 47 7992
17 31 48 7883
17 32 49 7785
17 33 50 7651
17 34 51 7530
17 35 52 7386
18 12 30 6866
18 13 31 7252
18 14 32 7700.0089
18 15 33 7928.9559
18 16 34 8197.6724
18 17 35 8327.4621
18 18 36 8519.9096
18 19 37 8527.1406
18 20 38 8614.2807
18 21 39 8562.5988
18 22 40 8595.2594
18 23 41 8534.3733
18 24 42 8555.6141
18 25 43 8488.2382
18 26 44 8493.8411
18 27 45 8419.9526
18 28 46 8412.3835
18 29 47 8311.425
18 30 48 8243.6656
18 31 49 8132
18 32 50 8054
18 33 51 7922
18 34 52 7827
18 35 53 7677
19 12 31 6487
19 14 33 7392
19 15 34 7670
19 16 35 7965.8409
19 17 36 8142.2233
19 18 37 8339.848
19 19 38 8438.0593
19 20 39 8557.0258
19 21 40 8538.0907
19 22 41 8576.0731
19 23 42 8551.2571
19 24 43 8576.2204
19 25 44 8546.7023
19 26 45 8554.6747
19 27 46 8518.0428
19 28 47 8514.8795
19 29 48 8434.2324
19 30 49 8372.2753
19 31 50 8288.5833
19 32 51 8221.335
19 33 52 8115.0303
19 34 53 8022.8488
19 35 54 7891
19 36 55 7792
19 37 56 7663
20 14 34 7173
20 15 35 7476
20 16 36 7815.8799
20 17 37 8003.4567
20 18 38 8240.0434
20 19 39 8369.6711
20 20 40 8551.3046
20 21 41 8546.7075
20 22 42 8616.5646
20 23 43 8600.6653
20 24 44 8658.1769
20 25 45 8630.5467
20 26 46 8668.9848
20 27 47 8639.3548
20 28 48 8666.6916
20 29 49 8594.85
20 30 50 8550.1639
20 31 51 8476.9135
20 32 52 8429.3821
20 33 53 8330.5778
20 34 54 8247.4967
20 35 55 8125.926
20 36 56 8033.1654
20 37 57 7912
20 38 58 7828
21 17 38 7751
21 18 39 8013.4575
21 19 40 8173.6697
21 20 41 8369.1979
21 21 42 8444.9303
21 22 43 8530.8265
21 23 44 8557.3805
21 24 45 8618.941
21 25 46 8622.0215
21 26 47 8665.0958
21 27 48 8656.2097
21 28 49 8686.2805
21 29 50 8633.4747
21 30 51 8597.2213
21 31 52 8534.6695
21 32 53 8492.8325
21 33 54 8404.8115
21 34 55 8333.3694
21 35 56 8233.5781
21 36 57 8158.1666
21 37 58 8054.9436
21 38 59 7976.4073
21 40 61 7794
22 16 38 7319
22 17 39 7566
22 18 40 7865.8632
22 19 41 8034.3889
22 20 42 8259.24
22 21 43 8352.8054
22 22 44 8533.5215
22 23 45 8555.7321
22 24 46 8656.4623
22 25 47 8661.2325
22 26 48 8723.0122
22 27 49 8711.1625
22 28 50 8755.7227
22 29 51 8708.9912
22 30 52 8691.8193
22 31 53 8631.1256
22 32 54 8599.6917
22 33 55 8518.9696
22 34 56 8467.9495
22 35 57 8372.9008
22 36 58 8307.629
22 37 59 8218
22 38 60 8152.7858
22 39 61 8058
22 40 62 7990
22 41 63 7891
22 42 64 7826
23 19 42 7824
23 20 43 8069.5129
23 21 44 8203.4567
23 22 45 8380.0394
23 23 46 8486.1423
23 24 47 8582.2348
23 25 48 8623.0686
23 26 49 8682.9135
23 27 50 8695.9032
23 28 51 8742.0852
23 29 52 8714.569
23 30 53 8710.1425
23 31 54 8662.1382
23 32 55 8637.3391
23 33 56 8574.7006
23 34 57 8535.1967
23 35 58 8458.156
23 36 59 8403.8034
23 37 60 8322.8751
23 38 61 8271.0417
23 39 62 8187.7565
23 40 63 8130.7809
23 41 64 8045
23 42 65 7981
23 43 66 7894
23 44 67 7829
24 18 42 7456
24 19 43 7680
24 20 44 7949.6265
24 21 45 8087.7286
24 22 46 8303.8233
24 23 47 8407.2067
24 24 48 8572.2553
24 25 49 8613.2777
24 26 50 8701.0188
24 27 51 8711.9923
24 28 52 8775.9946
24 29 53 8760.2103
24 30 54 8777.9672
24 31 55 8731.9362
24 32 56 8723.2609
24 33 57 8663.3998
24 34 58 8643.9987
24 35 59 8568.5995
24 36 60 8540.1876
24 37 61 8460.1734
24 38 62 8427.3871
24 39 63 8347.5398
24 40 64 8303.5626
24 41 65 8218
24 42 66 8168
24 43 67 8079
24 44 68 8026
24 45 69 7939
24 46 70 7884
25 19 44 7457
25 20 45 7747
25 21 46 7916.0805
25 22 47 8135.3117
25 23 48 8274.1924
25 24 49 8439.915
25 25 50 8532.6823
25 26 51 8633.7602
25 27 52 8670.4087
25 28 53 8734.1798
25 29 54 8737.9768
25 30 55 8765.0247
25 31 56 8738.3358
25 32 57 8736.7146
25 33 58 8696.6438
25 34 59 8680.9224
25 35 60 8628.1392
25 36 61 8598.9157
25 37 62 8538.5002
25 38 63 8505.102
25 39 64 8437.4175
25 40 65 8400.6822
25 41 66 8331.7986
25 42 67 8281
25 43 68 8209
25 44 69 8155
25 45 70 8084
25 47 72 7955
25 48 73 7895
26 19 45 7299
26 20 46 7603
26 21 47 7790
26 22 48 8022.7254
26 23 49 8161.3121
26 24 50 8354.0268
26 25 51 8460.4977
26 26 52 8609.6079
26 27 53 8648.7985
26 28 54 8736.3846
26 29 55 8746.5981
26 30 56 8790.3563
26 31 57 8770.2829
26 32 58 8792.2534
26 33 59 8754.7746
26 34 60 8755.8539
26 35 61 8703.7686
26 36 62 8692.8831
26 37 63 8631.5499
26 38 64 8612.3888
26 39 65 8546.347
26 40 66 8521.7245
26 41 67 8449.9359
26 42 68 8418
26 43 69 8345
26 44 70 8308
26 45 71 8235
26 46 72 8195
26 47 73 8121
26 48 74 8076
26 49 75 7996
26 50 76 7943
27 21 48 7595
27 23 50 8000.6387
27 24 51 8193.2549
27 25 52 8325.5606
27 26 53 8477.6578
27 27 54 8569.2199
27 28 55 8669.6204
27 29 56 8694.8386
27 30 57 8741.8845
27 31 58 8738.9719
27 32 59 8768.0379
27 33 60 8746.7692
27 34 61 8756.151
27 35 62 8721.3347
27 36 63 8717.7972
27 37 64 8675.5223
27 38 65 8656.8848
27 39 66 8605.9419
27 40 67 8581.7422
27 41 68 8520.1301
27 42 69 8495.4062
27 43 70 8434.198
27 44 71 8398.7344
27 45 72 8338
27 46 73 8302
27 47 74 8239
27 48 75 8197
27 49 76 8131
27 50 77 8082
27 51 78 7997
28 20 48 7236
28 21 49 7450
28 22 50 7702
28 23 51 7870
28 24 52 8083.8977
28 25 53 8217.0749
28 26 54 8393.0328
28 27 55 8497.3225
28 28 56 8642.7811
28 29 57 8670.9364
28 30 58 8732.0621
28 31 59 8736.5912
28 32 60 8780.7769
28 33 61 8765.0281
28 34 62 8794.5555
28 35 63 8763.4955
28 36 64 8777.4637
28 37 65 8736.2424
28 38 66 8739.5086
28 39 67 8695.7505
28 40 68 8682.4667
28 41 69 8623.0998
28 42 70 8604.2917
28 43 71 8543.1564
28 44 72 8520.2118
28 45 73 8457.6529
28 46 74 8433
28 47 75 8369
28 48 76 8338
28 49 77 8272
28 50 78 8238
28 51 79 8150
28 52 80 8088
28 53 81 8000
28 54 82 7935
29 24 53 7891
29 25 54 8045
29 26 55 8233.997
29 27 56 8355.9907
29 28 57 8503.2646
29 29 58 8570.9696
29 30 59 8642.0027
29 31 60 8665.6047
29 32 61 8715.5148
29 33 62 8718.0839
29 34 63 8752.1404
29 35 64 8739.0736
29 36 65 8757.0967
29 37 66 8731.473
29 38 67 8737.4597
29 39 68 8701.8913
29 40 69 8695.2044
29 41 70 8646.8655
29 42 71 8635.0233
29 43 72 8586.5256
29 44 73 8568.5699
29 45 74 8521.5633
29 46 75 8495.0801
29 47 76 8443.6018
29 48 77 8411.2501
29 49 78 8354.6695
29 50 79 8320.938
29 51 80 8246
29 52 81 8185
29 53 82 8108
29 54 83 8044
30 24 54 7742
30 25 55 7904
30 26 56 8106
30 27 57 8231
30 28 58 8395.9467
30 29 59 8473.7802
30 30 60 8583.0524
30 31 61 8610.3098
30 32 62 8679.3451
30 33 63 8686.2866
30 34 64 8735.9057
30 35 65 8724.266
30 36 66 8759.6335
30 37 67 8734.1534
30 38 68 8755.682
30 39 69 8722.7311
30 40 70 8729.8086
30 41 71 8689.0417
30 42 72 8691.8053
30 43 73 8648.3455
30 44 74 8642.7547
30 45 75 8592.4981
30 46 76 8582.2735
30 47 77 8530.0037
30 48 78 8507.38
30 49 79 8450.5825
30 50 80 8423.5457
30 51 81 8351.9262
30 52 82 8301.1175
30 53 83 8226
30 54 84 8171
30 55 85 8090
31 28 59 8232
31 29 60 8327
31 30 61 8446.4313
31 31 62 8518.6449
31 32 63 8583.9267
31 33 64 8611.6317
31 34 65 8662.1601
31 35 66 8669.3631
31 36 67 8707.533
31 37 68 8701.2195
31 38 69 8724.5798
31 39 70 8709.2808
31 40 71 8717.605
31 41 72 8687.0893
31 42 73 8693.874
31 43 74 8663.1676
31 44 75 8660.7565
31 45 76 8624.5272
31 46 77 8613.3907
31 47 78 8577.1043
31 48 79 8556.0725
31 49 80 8508.4545
31 50 81 8483.3576
31 51 82 8421.0494
31 52 83 8372.5756
31 53 84 8307.525
31 54 85 8253.5687
31 55 86 8182
31 56 87 8124
32 27 59 7924
32 28 60 8113
32 29 61 8215
32 30 62 8347
32 31 63 8418.7167
32 32 64 8528.8243
32 33 65 8555.0584
32 34 66 8625.4383
32 35 67 8633.0884
32 36 68 8688.1371
32 37 69 8680.964
32 38 70 8721.7028
32 39 71 8703.3118
32 40 72 8731.7459
32 41 73 8705.05
32 42 74 8725.2011
32 43 75 8695.6096
32 44 76 8705.2364
32 45 77 8671.0293
32 46 78 8671.6636
32 47 79 8634.5089
32 48 80 8627.5707
32 49 81 8580.6587
32 50 82 8563.7567
32 51 83 8504.3462
32 52 84 8465.5244
32 53 85 8401.7689
32 54 86 8354.63
32 55 87 8285
32 56 88 8236
32 57 89 8161
32 58 90 8109
33 30 63 8193
33 31 64 8286
33 32 65 8396.2351
33 33 66 8468.4034
33 34 67 8530.5685
33 35 68 8557.7457
33 36 69 8611.8214
33 37 70 8621.5541
33 38 71 8663.935
33 39 72 8660.3786
33 40 73 8689.6099
33 41 74 8680.002
33 42 75 8700.8748
33 43 76 8682.8172
33 44 77 8695.9789
33 45 78 8673.876
33 46 79 8676.6172
33 47 80 8651.2824
33 48 81 8648.0571
33 49 82 8611.4153
33 50 83 8599.654
33 51 84 8547.9385
33 52 85 8510.9851
33 53 86 8456.7215
33 54 87 8413.8521
33 55 88 8351
33 56 89 8304
33 57 90 8240
33 58 91 8189
33 59 92 8121
34 29 63 7917
34 30 64 8075
34 31 65 8170
34 32 66 8300
34 33 67 8369.5344
34 34 68 8477.0482
34 35 69 8503.7082
34 36 70 8576.0338
34 37 71 8586.0606
34 38 72 8644.4902
34 39 73 8641.5591
34 40 74 8687.7155
34 41 75 8678.9139
34 42 76 8711.4781
34 43 77 8694.6908
34 44 78 8717.8072
34 45 79 8695.5923
34 46 80 8710.8142
34 47 81 8685.9998
34 48 82 8693.1973
34 49 83 8658.556
34 50 84 8658.7935
34 51 85 8610.3045
34 52 86 8581.8224
34 53 87 8529.092
34 54 88 8495.0045
34 55 89 8435.2799
34 56 90 8395.7672
34 57 91 8334.8382
34 58 92 8290
34 59 93 8225
34 60 94 8180
34 61 95 8112
35 32 67 8148
35 33 68 8239
35 34 69 8344.9026
35 35 70 8414.7964
35 36 71 8481.4629
35 37 72 8511.3126
35 38 73 8568.0803
35 39 74 8583.5615
35 40 75 8627.6497
35 41 76 8635.883
35 42 77 8666.8073
35 43 78 8661.9594
35 44 79 8687.5956
35 45 80 8677.6541
35 46 81 8695.9465
35 47 82 8682.4953
35 48 83 8693.3852
35 49 84 8671.3294
35 50 85 8673.5926
35 51 86 8632.3659
35 52 87 8605.9105
35 53 88 8563.7479
35 54 89 8530.7802
35 55 90 8478.1865
35 56 91 8441.9242
35 57 92 8384.9123
35 58 93 8345.5986
35 59 94 8287
35 60 95 8245
35 61 96 8184
35 62 97 8140
35 63 98 8078
36 31 67 7883
36 32 68 8034
36 33 69 8129
36 34 70 8256
36 35 71 8327.131
36 36 72 8429.3193
36 37 73 8460.1847
36 38 74 8533.039
36 39 75 8553.4399
36 40 76 8608.8077
36 41 77 8616.837
36 42 78 8661.2385
36 43 79 8657.113
36 44 80 8692.9301
36 45 81 8682.8206
36 46 82 8710.6754
36 47 83 8695.7295
36 48 84 8717.4473
36 49 85 8698.5633
36 50 86 8712.0295
36 51 87 8675.284
36 52 88 8656.8499
36 53 89 8614.8158
36 54 90 8591.2599
36 55 91 8541.7519
36 56 92 8512.675
36 57 93 8458.1085
36 58 94 8424.3318
36 59 95 8365.9963
36 60 96 8330.8721
36 61 97 8269.8645
36 62 98 8234
36 63 99 8175
36 64 100 8134
36 65 101 8075
37 35 72 8202
37 36 73 8305.0821
37 37 74 8381.7123
37 38 75 8448.2762
37 39 76 8486.2161
37 40 77 8537.3396
37 41 78 8558.3512
37 42 79 8601.1401
37 43 80 8611.676
37 44 81 8645.5139
37 45 82 8647.4275
37 46 83 8675.2193
37 47 84 8676.2244
37 48 85 8697.4416
37 49 86 8696.9014
37 50 87 8710.9843
37 51 88 8681.1154
37 52 89 8664.1895
37 53 90 8631.5262
37 54 91 8607.5621
37 55 92 8569.4225
37 56 93 8540.9209
37 57 94 8492.7644
37 58 95 8460.1967
37 59 96 8408.8963
37 60 97 8376.1872
37 61 98 8330.7294
37 62 99 8295.301
37 63 100 8244.5085
37 64 101 8206.1753
37 65 102 8152.7443
37 66 103 8112
37 67 104 8057
38 35 73 8102
38 36 74 8221
38 37 75 8296.5116
38 38 76 8393.9294
38 39 77 8435.9188
38 40 78 8500.0971
38 41 79 8523.8558
38 42 80 8578.5966
38 43 81 8587.3545
38 44 82 8635.719
38 45 83 8638.4076
38 46 84 8677.5132
38 47 85 8675.7193
38 48 86 8708.4566
38 49 87 8705.2363
38 50 88 8732.5958
38 51 89 8705.923
38 52 90 8696.0043
38 53 91 8663.8759
38 54 92 8648.907
38 55 93 8612.7875
38 56 94 8593.8344
38 57 95 8549.0875
38 58 96 8521.2041
38 59 97 8471.8489
38 60 98 8445.7385
38 61 99 8402.5235
38 62 100 8372.2012
38 63 101 8324.7411
38 64 102 8291.2213
38 65 103 8242
38 66 104 8206
38 67 105 8152
38 68 106 8114
38 69 107 8057
39 37 76 8173
39 38 77 8278
39 39 78 8349
39 40 79 8416.7788
39 41 80 8454.2759
39 42 81 8505.9031
39 43 82 8529.2762
39 44 83 8573.6571
39 45 84 8587.7812
39 46 85 8628.1486
39 47 86 8638.4293
39 48 87 8674.8451
39 49 88 8682.5396
39 50 89 8714.011
39 51 90 8693.3778
39 52 91 8684.9421
39 53 92 8661.5894
39 54 93 8648.9054
39 55 94 8622.8068
39 56 95 8604.9644
39 57 96 8569.4269
39 58 97 8541.4616
39 59 98 8497.6162
39 60 99 8476.6938
39 61 100 8439.4151
39 62 101 8413.3305
39 63 102 8371.9172
39 64 103 8342.6336
39 65 104 8298
39 66 105 8262
39 67 106 8215
39 68 107 8178
39 69 108 8129
39 70 109 8089
40 37 77 8075
40 38 78 8194
40 39 79 8267
40 40 80 8365
40 41 81 8395.1519
40 42 82 8465.4666
40 43 83 8488.3997
40 44 84 8549.0301
40 45 85 8564.0394
40 46 86 8614.0523
40 47 87 8623.6545
40 48 88 8666.0339
40 49 89 8673.3865
40 50 90 8709.9699
40 51 91 8693.3149
40 52 92 8692.6783
40 53 93 8671.6207
40 54 94 8666.8016
40 55 95 8643.5924
40 56 96 8635.3283
40 57 97 8603.7182
40 58 98 8581.3984
40 59 99 8539.225
40 60 100 8522.1066
40 61 101 8485.8439
40 62 102 8466.294
40 63 103 8425.8337
40 64 104 8402.3159
40 65 105 8358.598
40 66 106 8330
40 67 107 8284
40 68 108 8253
40 69 109 8204
40 70 110 8171
40 71 111 8118
40 72 112 8081
40 73 113 8027
41 40 81 8248
41 41 82 8312
41 42 83 8378.9889
41 43 84 8417.9563
41 44 85 8473.7117
41 45 86 8502.2231
41 46 87 8551.7579
41 47 88 8572.4013
41 48 89 8616.8184
41 49 90 8633.377
41 50 91 8670.8983
41 51 92 8662.3731
41 52 93 8664.1849
41 53 94 8648.9014
41 54 95 8647.2133
41 55 96 8628.8868
41 56 97 8623.1384
41 57 98 8596.3016
41 58 99 8578.9859
41 59 100 8548.4683
41 60 101 8534.8355
41 61 102 8504.8675
41 62 103 8488.332
41 63 104 8453.3832
41 64 105 8431.6925
41 65 106 8393.2657
41 66 107 8367.0898
41 67 108 8325.6604
41 68 109 8297.1307
41 69 110 8255.2607
41 70 111 8223
41 71 112 8178
41 72 113 8143
41 73 114 8097
41 74 115 8061
41 75 116 8012
42 39 81 8054
42 40 82 8163
42 41 83 8234
42 42 84 8325
42 43 85 8361.332
42 44 86 8434.7175
42 45 87 8462.4243
42 46 88 8523.9087
42 47 89 8544.9851
42 48 90 8597.0285
42 49 91 8613.6286
42 50 92 8657.7312
42 51 93 8651.4095
42 52 94 8662.3341
42 53 95 8648.7212
42 54 96 8653.988
42 55 97 8635.0926
42 56 98 8635.1691
42 57 99 8607.7982
42 58 100 8604.6626
42 59 101 8572.9159
42 60 102 8568.3994
42 61 103 8538.2672
42 62 104 8527.9063
42 63 105 8494.863
42 64 106 8479.5202
42 65 107 8442.219
42 66 108 8422.1581
42 67 109 8381.4163
42 68 110 8359.293
42 69 111 8315.2932
42 70 112 8291
42 71 113 8246
42 72 114 8219
42 73 115 8173
42 74 116 8143
42 75 117 8096
42 76 118 8067
42 77 119 8019
43 42 85 8215
43 43 86 8280
43 44 87 8347.7449
43 45 88 8389.8338
43 46 89 8450.5758
43 47 90 8483.36
43 48 91 8536.6558
43 49 92 8563.544
43 50 93 8608.5782
43 51 94 8608.7373
43 52 95 8622.6911
43 53 96 8614.8673
43 54 97 8623.7254
43 55 98 8610.0047
43 56 99 8613.6105
43 57 100 8595.1184
43 58 101 8593.1366
43 59 102 8570.6514
43 60 103 8566.1045
43 61 104 8541.107
43 62 105 8534.6074
43 63 106 8506.557
43 64 107 8492.8979
43 65 108 8462.8172
43 66 109 8444.1796
43 67 110 8411.2603
43 68 111 8390.0906
43 69 112 8353.6217
43 70 113 8329.4652
43 71 114 8290.2599
43 72 115 8264
43 73 116 8223
43 74 117 8195
43 75 118 8153
43 76 119 8126
43 77 120 8083
43 78 121 8054
43 79 122 8011
44 41 85 8027
44 42 86 8133
44 43 87 8201
44 44 88 8298
44 45 89 8340.376
44 46 90 8409.7684
44 47 91 8442.9287
44 48 92 8504.774
44 49 93 8531.4627
44 50 94 8583.662
44 51 95 8587.4706
44 52 96 8609.413
44 53 97 8604.2799
44 54 98 8620.314
44 55 99 8608.7132
44 56 100 8619.3593
44 57 101 8601.366
44 58 102 8607.4275
44 59 103 8584.3656
44 60 104 8587.3998
44 61 105 8561.9016
44 62 106 8560.9406
44 63 107 8533.3676
44 64 108 8527.2267
44 65 109 8496.228
44 66 110 8486.3123
44 67 111 8452.9582
44 68 112 8439.2431
44 69 113 8402.6857
44 70 114 8385.3351
44 71 115 8346.814
44 72 116 8326.884
44 73 117 8285.5625
44 74 118 8263
44 75 119 8220
44 76 120 8199
44 77 121 8156
44 78 122 8132
44 79 123 8089
44 80 124 8065
44 81 125 8023
45 44 89 8189
45 45 90 8254
45 46 91 8328
45 47 92 8373.4211
45 48 93 8434.8255
45 49 94 8472.4033
45 50 95 8525.3707
45 51 96 8534.6735
45 52 97 8559.8949
45 53 98 8560.8038
45 54 99 8580.1959
45 55 100 8575.1732
45 56 101 8588.2172
45 57 102 8576.9818
45 58 103 8584.1927
45 59 104 8568.9501
45 60 105 8572.7053
45 61 106 8553.9317
45 62 107 8554.104
45 63 108 8532.6657
45 64 109 8528.1404
45 65 110 8504.2551
45 66 111 8495.6267
45 67 112 8468.8666
45 68 113 8456.8165
45 69 114 8426.6221
45 70 115 8410.6538
45 71 116 8377.6123
45 72 117 8359.2766
45 73 118 8322.8539
45 74 119 8303.3953
45 75 120 8266
45 76 121 8245.2397
45 77 122 8208
45 78 123 8185
45 79 124 8148
45 80 125 8124
45 81 126 8087
45 82 127 8060
45 83 128 8010
46 44 90 8113
46 45 91 8183
46 46 92 8275.5695
46 47 93 8318.5637
46 48 94 8391.6832
46 49 95 8428.9807
46 50 96 8490.0207
46 51 97 8502.4303
46 52 98 8533.8999
46 53 99 8537.9332
46 54 100 8563.5652
46 55 101 8560.8644
46 56 102 8580.2887
46 57 103 8571.0173
46 58 104 8584.8485
46 59 105 8570.6509
46 60 106 8579.9934
46 61 107 8560.8946
46 62 108 8567.0241
46 63 109 8544.8825
46 64 110 8547.163
46 65 111 8521.7498
46 66 112 8520.7205
46 67 113 8492.5795
46 68 114 8488.0056
46 69 115 8457.7342
46 70 116 8449.2755
46 71 117 8416.9243
46 72 118 8405.2197
46 73 119 8368.9594
46 74 120 8357.0817
46 75 121 8320.8584
46 76 122 8305.9755
46 77 123 8270.0318
46 78 124 8252
46 79 125 8215
46 80 126 8197
46 81 127 8160
46 82 128 8137
46 83 129 8086
46 84 130 8046
46 85 131 7993
47 45 92 8080
47 46 93 8175
47 47 94 8238
47 48 95 8315
47 49 96 8360.2903
47 50 97 8423.2121
47 51 98 8441.6866
47 52 99 8474.7744
47 53 100 8484.9947
47 54 101 8512.5465
47 55 102 8517.165
47 56 103 8537.652
47 57 104 8536.185
47 58 105 8550.3708
47 59 106 8544.6397
47 60 107 8553.9012
47 61 108 8542.0262
47 62 109 8547.9155
47 63 110 8532.1089
47 64 111 8534.7878
47 65 112 8516.0807
47 66 113 8516.066
47 67 114 8493.7786
47 68 115 8490.5553
47 69 116 8465.9073
47 70 117 8459.4515
47 71 118 8433.89
47 72 119 8423.2126
47 73 120 8395.3281
47 74 121 8382.3306
47 75 122 8352.7591
47 76 123 8337.9707
47 77 124 8308.8958
47 78 125 8293.3151
47 79 126 8261
47 80 127 8244
47 81 128 8211
47 82 129 8188
47 83 130 8142
47 84 131 8102
47 85 132 8053
48 46 94 8102
48 47 95 8171
48 48 96 8259
48 49 97 8310.3013
48 50 98 8378.2953
48 51 99 8398.3734
48 52 100 8437.7375
48 53 101 8450.3657
48 54 102 8484.1322
48 55 103 8489.7547
48 56 104 8517.6232
48 57 105 8516.8532
48 58 106 8539.0492
48 59 107 8533.3524
48 60 108 8550.0196
48 61 109 8538.7646
48 62 110 8551.2755
48 63 111 8537.0801
48 64 112 8544.7306
48 65 113 8526.9874
48 66 114 8531.5135
48 67 115 8510.7252
48 68 116 8512.3511
48 69 117 8488.974
48 70 118 8487.835
48 71 119 8461.4381
48 72 120 8458.024
48 73 121 8430.9972
48 74 122 8424.2667
48 75 123 8395.3955
48 76 124 8387.0179
48 77 125 8357.6815
48 78 126 8346.7393
48 79 127 8316.8971
48 80 128 8303.2367
48 81 129 8269.5311
48 82 130 8252.5868
48 83 131 8206.1204
48 84 132 8169.1421
48 85 133 8121
48 86 134 8086
49 47 96 8069
49 48 97 8165
49 49 98 8230
49 50 99 8304
49 51 100 8329.7495
49 52 101 8370.426
49 53 102 8388.5719
49 54 103 8423.7199
49 55 104 8435.238
49 56 105 8464.7045
49 57 106 8470.1213
49 58 107 8494.0439
49 59 108 8495.2516
49 60 109 8513.1027
49 61 110 8508.9087
49 62 111 8522.2824
49 63 112 8514.6674
49 64 113 8522.9297
49 65 114 8511.9742
49 66 115 8516.5472
49 67 116 8501.6177
49 68 117 8503.8653
49 69 118 8485.667
49 70 119 8486.1387
49 71 120 8466.2575
49 72 121 8463.8767
49 73 122 8442.1079
49 74 123 8437.9362
49 75 124 8414.3243
49 76 125 8407.9365
49 77 126 8384.6067
49 78 127 8374.8212
49 79 128 8351.4361
49 80 129 8338.759
49 81 130 8314.176
49 82 131 8297.9544
49 83 132 8253.7162
49 84 133 8217
49 85 134 8173
49 86 135 8136
49 87 136 8091
49 88 137 8053
50 49 99 8161
50 50 100 8251.626
50 51 101 8281.103
50 52 102 8324.4313
50 53 103 8343
50 54 104 8383.9114
50 55 105 8397.229
50 56 106 8432.0383
50 57 107 8439.4946
50 58 108 8469.0273
50 59 109 8470.5183
50 60 110 8496.0875
50 61 111 8493.131
50 62 112 8513.6189
50 63 113 8506.8117
50 64 114 8522.5671
50 65 115 8514.0702
50 66 116 8523.1166
50 67 117 8509.612
50 68 118 8516.5341
50 69 119 8499.4494
50 70 120 8504.488
50 71 121 8485.1964
50 72 122 8487.8968
50 73 123 8467.2313
50 74 124 8467.3997
50 75 125 8445.5285
50 76 126 8443.5227
50 77 127 8420.5482
50 78 128 8416.9749
50 79 129 8392.8161
50 80 130 8386.817
50 81 131 8362.5183
50 82 132 8354.8726
50 83 133 8310.089
50 84 134 8275.1719
50 85 135 8230.6877
50 86 136 8197
50 87 137 8152
50 88 138 8118
50 89 139 8073
50 90 140 8038
51 52 103 8234
51 53 104 8258
51 54 105 8300.9923
51 55 106 8322.0124
51 56 107 8358.7344
51 57 108 8372.6666
51 58 109 8404.8161
51 59 110 8412.6821
51 60 111 8440.1203
51 61 112 8443.633
51 62 113 8465.2762
51 63 114 8462.5191
51 64 115 8480.9156
51 65 116 8475.8208
51 66 117 8487.8981
51 67 118 8478.9156
51 68 119 8487.9218
51 69 120 8475.63
51 70 121 8482.0574
51 71 122 8468.3222
51 72 123 8472.3196
51 73 124 8456.1517
51 74 125 8458.1612
51 75 126 8440.3136
51 76 127 8439.811
51 77 128 8420.7724
51 78 129 8418.0598
51 79 130 8397.3641
51 80 131 8392.5525
51 81 132 8372.3452
51 82 133 8364.7302
51 83 134 8325.9398
51 84 135 8291.9894
51 85 136 8252.2533
51 86 137 8218.4764
51 87 138 8178
51 88 139 8144
51 89 140 8103
51 90 141 8069
51 91 142 8027
52 52 104 8157.3256
52 53 105 8186.8368
52 54 106 8236.7682
52 55 107 8258
52 56 108 8303.7221
52 57 109 8319.3305
52 58 110 8358.116
52 59 111 8367.7635
52 60 112 8400.6527
52 61 113 8404.6366
52 62 114 8432.7885
52 63 115 8431.1504
52 64 116 8455.6435
52 65 117 8450.9203
52 66 118 8469.697
52 67 119 8462.0785
52 68 120 8476.9857
52 69 121 8466.8641
52 70 122 8478.1315
52 71 123 8465.537
52 72 124 8473.2705
52 73 125 8458.0361
52 74 126 8463.2397
52 75 127 8446.109
52 76 128 8448.7536
52 77 129 8430.4098
52 78 130 8430.3251
52 79 131 8411.2339
52 80 132 8408.4859
52 81 133 8389.0255
52 82 134 8383.6442
52 83 135 8345.7384
52 84 136 8319.4301
52 85 137 8280.2357
52 86 138 8252.5786
52 87 139 8211.7716
52 88 140 8183.3567
52 89 141 8142
52 90 142 8113
52 91 143 8070
52 92 144 8040
52 93 145 7998
53 55 108 8176
53 56 109 8220.0164
53 57 110 8244.0767
53 58 111 8282.9343
53 59 112 8299.8801
53 60 113 8333.7528
53 61 114 8344.779
53 62 115 8374.5651
53 63 116 8381.2858
53 64 117 8404.4307
53 65 118 8406.1203
53 66 119 8426.8924
53 67 120 8423.6745
53 68 121 8441.4111
53 69 122 8437.0139
53 70 123 8449.1896
53 71 124 8441.4807
53 72 125 8450.2911
53 73 126 8439.9379
53 74 127 8445.482
53 75 128 8432.8309
53 76 129 8435.9908
53 77 130 8421.1011
53 78 131 8422.2977
53 79 132 8406.4628
53 80 133 8405.0993
53 81 134 8389.0722
53 82 135 8384.7609
53 83 136 8351.3242
53 84 137 8326.0033
53 85 138 8292.445
53 86 139 8265.61
53 87 140 8229.474
53 88 141 8202.2562
53 89 142 8165.2517
53 90 143 8137
53 91 144 8098
53 92 145 8069
53 93 146 8031
53 94 147 8001
54 54 108 8074.8886
54 55 109 8107.3071
54 56 110 8159.2808
54 57 111 8182
54 58 112 8230.0646
54 59 113 8247.9277
54 60 114 8289.2054
54 61 115 8300.9704
54 62 116 8336.8365
54 63 117 8344.2976
54 64 118 8374.9819
54 65 119 8378.442
54 66 120 8404.0322
54 67 121 8403.8326
54 68 122 8424.6644
54 69 123 8420.9239
54 70 124 8437.6138
54 71 125 8430.939
54 72 126 8443.5375
54 73 127 8434.1066
54 74 128 8443.3008
54 75 129 8431.3904
54 76 130 8437.7314
54 77 131 8423.7367
54 78 132 8427.6229
54 79 133 8412.6477
54 80 134 8413.6994
54 81 135 8398.4783
54 82 136 8396.1889
54 83 137 8364.2865
54 84 138 8344.6913
54 85 139 8311.5904
54 86 140 8290.8875
54 87 141 8255.3647
54 88 142 8233.1695
54 89 143 8196.8855
54 90 144 8172.8845
54 91 145 8135.0877
54 92 146 8110.4154
54 93 147 8072
54 94 148 8047
54 95 149 8009
54 96 150 7983
55 57 112 8102
55 58 113 8148.623
55 59 114 8173.5711
55 60 115 8216
55 61 116 8235
55 62 117 8271.8652
55 63 118 8286.4053
55 64 119 8317.3347
55 65 120 8328.4811
55 66 121 8352.9152
55 67 122 8359.1515
55 68 123 8380.3796
55 69 124 8383.5114
55 70 125 8399.8033
55 71 126 8399.2673
55 72 127 8411.5617
55 73 128 8406.4953
55 74 129 8416.0465
55 75 130 8408.7848
55 76 131 8415.0317
55 77 132 8405.5878
55 78 133 8409.9786
55 79 134 8398.647
55 80 135 8401.3393
55 81 136 8389.7723
55 82 137 8388.9581
55 83 138 8360.1437
55 84 139 8342.3397
55 85 140 8314.3227
55 86 141 8294.3554
55 87 142 8264.8777
55 88 143 8243.6707
55 89 144 8211.8894
55 90 145 8188.7342
55 91 146 8155.4365
55 92 147 8131.801
55 93 148 8097.5469
55 94 149 8073
55 95 150 8039
55 96 151 8013
55 97 152 7980
56 58 114 8089.6865
56 59 115 8116
56 60 116 8162
56 61 117 8187.9546
56 62 118 8227
56 63 119 8245.9287
56 64 120 8280.2949
56 65 121 8293.9083
56 66 122 8323.7567
56 67 123 8330.2086
56 68 124 8355.8209
56 69 125 8358.1784
56 70 126 8379.7187
56 71 127 8378.456
56 72 128 8395.9878
56 73 129 8391.0811
56 74 130 8405.513
56 75 131 8398.5511
56 76 132 8409.3747
56 77 133 8400.2059
56 78 134 8408.1731
56 79 135 8397.5345
56 80 136 8402.7566
56 81 137 8391.8288
56 82 138 8393.4222
56 83 139 8367.0194
56 84 140 8353.15
56 85 141 8326.0774
56 86 142 8310.9718
56 87 143 8281.9878
56 88 144 8265.4549
56 89 145 8234.7991
56 90 146 8215.5293
56 91 147 8183.2405
56 92 148 8164.1118
56 93 149 8131.8495
56 94 150 8111.8405
56 95 151 8079
56 96 152 8057
56 97 153 8023
56 98 154 8001
57 60 117 8086
57 63 120 8179
57 64 121 8217
57 65 122 8235
57 66 123 8267
57 67 124 8278.2926
57 68 125 8304.6438
57 69 126 8312.4268
57 70 127 8333.5412
57 71 128 8337.1904
57 72 129 8356.0449
57 73 130 8356.1919
57 74 131 8370.3676
57 75 132 8367.7559
57 76 133 8378.8415
57 77 134 8374.4888
57 78 135 8382.7972
57 79 136 8376.0512
57 80 137 8381.8807
57 81 138 8375.0835
57 82 139 8377.9987
57 83 140 8355.0201
57 84 141 8343.205
57 85 142 8320.8263
57 86 143 8306.1271
57 87 144 8281.4283
57 88 145 8266.0873
57 89 146 8239.9988
57 90 147 8221.5536
57 91 148 8193.7165
57 92 149 8176.1915
57 93 150 8149.4339
57 94 151 8129.0436
57 95 152 8102
57 96 153 8081
57 97 154 8051
57 98 155 8028
57 99 156 7997
57 100 157 7972
58 63 121 8132
58 64 122 8174
58 65 123 8193
58 66 124 8229
58 67 125 8242
58 68 126 8273.2581
58 69 127 8280.7922
58 70 128 8306.9259
58 71 129 8310.9411
58 72 130 8333.2164
58 73 131 8333.3969
58 74 132 8352.3223
58 75 133 8349.8301
58 76 134 8365.7716
58 77 135 8361.9861
58 78 136 8373.7624
58 79 137 8367.2497
58 80 138 8377.0408
58 81 139 8370.4664
58 82 140 8376.3045
58 83 141 8355.3956
58 84 142 8347.07
58 85 143 8324.6765
58 86 144 8314.7612
58 87 145 8289.8762
58 88 146 8278.5081
58 89 147 8252.5274
58 90 148 8240.3876
58 91 149 8214.2294
58 92 150 8201.123
58 93 151 8176.2779
58 94 152 8161
58 95 153 8134
58 96 154 8116
58 97 155 8087
58 98 156 8068
58 99 157 8037
58 100 158 8015
59 62 121 8033
59 65 124 8128
59 66 125 8167
59 67 126 8184
59 68 127 8216
59 69 128 8228.9141
59 70 129 8254.3808
59 71 130 8263.7565
59 72 131 8286.1439
59 73 132 8291.5377
59 74 133 8310.2588
59 75 134 8312.8817
59 76 135 8328.9284
59 77 136 8330.0089
59 78 137 8341.7074
59 79 138 8339.2195
59 80 139 8349.5208
59 81 140 8346.5163
59 82 141 8353.9852
59 83 142 8336.3032
59 84 143 8329.428
59 85 144 8311.5411
59 86 145 8302.1285
59 87 146 8280.325
59 88 147 8270.54
59 89 148 8249.5409
59 90 149 8238.304
59 91 150 8218.9316
59 92 151 8207.8824
59 93 152 8187.1049
59 94 153 8172.0371
59 95 154 8147.2994
59 96 155 8131.0398
59 97 156 8105.2337
59 98 157 8085.817
59 99 158 8059
59 100 159 8037
59 101 160 8009
59 102 161 7986
60 65 125 8080
60 66 126 8122
60 67 127 8142
60 68 128 8177
60 69 129 8191
60 70 130 8222.5136
60 71 131 8230.3045
60 72 132 8256.8104
60 73 133 8262.232
60 74 134 8285.5391
60 75 135 8288.1536
60 76 136 8308.5127
60 77 137 8309.5892
60 78 138 8325.4946
60 79 139 8323.6642
60 80 140 8337.864
60 81 141 8335.5074
60 82 142 8346.031
60 83 143 8330.4893
60 84 144 8326.9237
60 85 145 8309.1883
60 86 146 8304.0927
60 87 147 8283.6036
60 88 148 8277.1778
60 89 149 8255.4437
60 90 150 8249.5789
60 91 151 8230.2741
60 92 152 8224.0078
60 93 153 8204.5832
60 94 154 8192.3491
60 95 155 8170.305
60 96 156 8156.3265
60 97 157 8132.1671
60 98 158 8114.9529
60 99 159 8088.8224
60 100 160 8069.9662
60 101 161 8042
60 102 162 8022
60 103 163 7992
61 67 128 8075
61 68 129 8114
61 69 130 8131
61 70 131 8163
61 71 132 8177
61 72 133 8204.2841
61 73 134 8213.4131
61 74 135 8236.7933
61 75 136 8243.7207
61 76 137 8263.6516
61 77 138 8268.3558
61 78 139 8285.5473
61 79 140 8289.0958
61 80 141 8303.9405
61 81 142 8306.6587
61 82 143 8317.7341
61 83 144 8305.2969
61 84 145 8302.6583
61 85 146 8288.655
61 86 147 8284.3712
61 87 148 8268.2283
61 88 149 8261.5277
61 89 150 8243.8125
61 90 151 8241.2723
61 91 152 8226.1293
61 92 153 8221.1536
61 93 154 8204.717
61 94 155 8195.2977
61 95 156 8176.7263
61 96 157 8164.1458
61 97 158 8143.3622
61 98 159 8126.8601
61 99 160 8103.6398
61 100 161 8085.9977
61 101 162 8061
61 102 163 8042
61 103 164 8014
61 104 165 7992
62 67 129 8023
62 68 130 8065
62 69 131 8085
62 70 132 8122
62 71 133 8137
62 72 134 8167
62 73 135 8177.627
62 74 136 8205.9165
62 75 137 8213.5527
62 76 138 8237.9286
62 77 139 8243.0786
62 78 140 8263.8211
62 79 141 8265.846
62 80 142 8285.9407
62 81 143 8288.1825
62 82 144 8303.68
62 83 145 8293.0139
62 84 146 8293.8581
62 85 147 8280.5734
62 86 148 8279.6326
62 87 149 8263.4683
62 88 150 8261.6235
62 89 151 8243.9735
62 90 152 8244.0645
62 91 153 8228.5373
62 92 154 8226.8379
62 93 155 8211.2258
62 94 156 8205.0054
62 95 157 8187.0642
62 96 158 8177.3075
62 97 159 8157.4963
62 98 160 8144.6159
62 99 161 8122.0418
62 100 162 8107.5745
62 101 163 8084.1653
62 102 164 8067.7803
62 103 165 8041
62 104 166 8023
62 105 167 7992
62 106 168 7971
63 67 130 7950
63 68 131 7996
63 69 132 8018
63 71 134 8075
63 72 135 8107
63 73 136 8122
63 74 137 8150.5738
63 75 138 8161.6211
63 76 139 8187.2187
63 77 140 8197.733
63 78 141 8217.6853
63 79 142 8226.396
63 80 143 8245.8177
63 81 144 8254.1744
63 82 145 8269.2744
63 83 146 8261.9327
63 84 147 8263.5409
63 85 148 8253.8155
63 86 149 8253.556
63 87 150 8241.3481
63 88 151 8239.2998
63 89 152 8226.5854
63 90 153 8228.7011
63 91 154 8217.1006
63 92 155 8216.676
63 93 156 8204.6192
63 94 157 8199.7975
63 95 158 8185.132
63 96 159 8176.6987
63 97 160 8160.103
63 98 161 8148.981
63 99 162 8129.5593
63 100 163 8116.0172
63 101 164 8095.3686
63 102 165 8080.0529
63 103 166 8056
63 104 167 8038
63 105 168 8012
63 106 169 7991
64 70 134 8008
64 71 135 8028
64 72 136 8064
64 73 137 8080
64 74 138 8112
64 75 139 8126
64 76 140 8154.9757
64 77 141 8164.609
64 78 142 8190.2569
64 79 143 8198.3188
64 80 144 8221.9382
64 81 145 8228.9485
64 82 146 8249.5072
64 83 147 8243.3366
64 84 148 8248.3398
64 85 149 8239.4856
64 86 150 8242.6103
64 87 151 8231.0446
64 88 152 8233.4042
64 89 153 8220.4209
64 90 154 8224.7996
64 91 155 8213.2541
64 92 156 8215.3253
64 93 157 8203.5072
64 94 158 8201.8229
64 95 159 8187.6177
64 96 160 8183.0171
64 97 161 8167.1934
64 98 162 8159.0373
64 99 163 8140.756
64 100 164 8129.9978
64 101 165 8110.4428
64 102 166 8097.226
64 103 167 8075.5428
64 104 168 8060
64 105 169 8035
64 106 170 8017
64 107 171 7990
64 108 172 7972
65 70 135 7939
65 73 138 8019
65 74 139 8052
65 75 140 8068.6732
65 76 141 8097.4761
65 77 142 8111.508
65 78 143 8138.2176
65 79 144 8151.2877
65 80 145 8178.5397
65 81 146 8187.1474
65 82 147 8206.625
65 83 148 8204.3207
65 84 149 8209.8153
65 85 150 8206.3396
65 86 151 8208.8743
65 87 152 8202.0072
65 88 153 8205.0504
65 89 154 8196.6697
65 90 155 8202.9173
65 91 156 8194.6415
65 92 157 8198.1416
65 93 158 8189.1556
65 94 159 8188.8025
65 95 160 8177.4676
65 96 161 8174.4809
65 97 162 8164.0773
65 98 163 8155.6322
65 99 164 8139.9304
65 100 165 8130.3259
65 101 166 8113.223
65 102 167 8101.441
65 103 168 8082.798
65 104 169 8069
65 105 170 8047
65 106 171 8030
65 107 172 8006
65 108 173 7988
65 109 174 7963
66 73 139 7971
66 74 140 8008
66 75 141 8027
66 76 142 8061
66 77 143 8075.0527
66 78 144 8105.5902
66 79 145 8116.8884
66 80 146 8146.1128
66 81 147 8156.768
66 82 148 8180.943
66 83 149 8179.0972
66 84 150 8189.1495
66 85 151 8184.6789
66 86 152 8192.9171
66 87 153 8185.7514
66 88 154 8193.1305
66 89 155 8184.357
66 90 156 8192.4366
66 91 157 8184.6287
66 92 158 8190.1298
66 93 159 8181.5842
66 94 160 8184.0526
66 95 161 8173.3093
66 96 162 8173.4555
66 97 163 8161.784
66 98 164 8158.7129
66 99 165 8143.9083
66 100 166 8137.2793
66 101 167 8120.8782
66 102 168 8112.5293
66 103 169 8094.7566
66 104 170 8084
66 105 171 8062
66 106 172 8049
66 107 173 8026
66 108 174 8011
66 109 175 7986
66 110 176 7969
67 73 140 7906
67 74 141 7943
67 75 142 7965
67 76 143 7999
67 77 144 8017.0977
67 78 145 8048.5792
67 79 146 8063.2426
67 80 147 8094.0381
67 81 148 8108.9797
67 82 149 8133.255
67 83 150 8134.8423
67 84 151 8145.5267
67 85 152 8144.9193
67 86 153 8153.6372
67 87 154 8150.6825
67 88 155 8159.2055
67 89 156 8155.428
67 90 157 8163.1373
67 91 158 8158.4709
67 92 159 8165.1066
67 93 160 8158.6004
67 94 161 8163.1134
67 95 162 8155.4126
67 96 163 8156.967
67 97 164 8147.9234
67 98 165 8146.9591
67 99 166 8135.4933
67 100 167 8130.3732
67 101 168 8116.8061
67 102 169 8109.0622
67 103 170 8093.7902
67 104 171 8083.6021
67 105 172 8066
67 106 173 8054
67 107 174 8034
67 108 175 8019
67 109 176 7997
67 110 177 7980
67 111 178 7957
68 75 143 7917
68 76 144 7956
68 77 145 7975
68 78 146 8010.5127
68 79 147 8026.476
68 80 148 8059.6924
68 81 149 8074.9558
68 82 150 8102.1962
68 83 151 8104.8723
68 84 152 8119.3485
68 85 153 8118.8154
68 86 154 8132.3919
68 87 155 8129.4444
68 88 156 8141.9084
68 89 157 8136.3757
68 90 158 8147.927
68 91 159 8142.7742
68 92 160 8151.7217
68 93 161 8145.8628
68 94 162 8152.3959
68 95 163 8144.7403
68 96 164 8149.0191
68 97 165 8139.9348
68 98 166 8141.9479
68 99 167 8131.7352
68 100 168 8129.5897
68 101 169 8117.0078
68 102 170 8111.9529
68 103 171 8097.7404
68 104 172 8090.4052
68 105 173 8074
68 106 174 8064
68 107 175 8045
68 108 176 8034
68 109 177 8013
68 110 178 7999
68 111 179 7976
68 112 180 7960
69 75 144 7850
69 76 145 7889
69 77 146 7914
69 78 147 7948.8178
69 79 148 7968.5011
69 80 149 8004
69 81 150 8021
69 82 151 8050.0576
69 83 152 8056.4387
69 84 153 8071.2571
69 85 154 8074.209
69 86 155 8088.376
69 87 156 8089.6032
69 88 157 8101.4285
69 89 158 8101.1994
69 90 159 8112.7549
69 91 160 8110.8124
69 92 161 8120.4906
69 93 162 8117.5868
69 94 163 8124.9774
69 95 164 8119.6534
69 96 165 8125.5489
69 97 166 8118.9357
69 98 167 8122.5826
69 99 168 8114.9516
69 100 169 8114.4702
69 101 170 8105.5144
69 102 171 8101.8931
69 103 172 8091.0367
69 104 173 8084.4633
69 105 174 8070.6432
69 106 175 8061.7673
69 107 176 8045.1214
69 108 177 8035
69 109 178 8017
69 110 179 8004
69 111 180 7983
69 112 181 7969
70 79 149 7927
70 80 150 7965
70 81 151 7983.7556
70 82 152 8015.4371
70 83 153 8022
70 84 154 8039.9402
70 85 155 8043.8234
70 86 156 8061.7107
70 87 157 8062.7551
70 88 158 8079.1999
70 89 159 8078.0428
70 90 160 8092.5614
70 91 161 8090.3861
70 92 162 8102.5333
70 93 163 8099.1069
70 94 164 8109.4149
70 95 165 8104.8399
70 96 166 8112.4591
70 97 167 8106.202
70 98 168 8111.887
70 99 169 8104.5206
70 100 170 8106.6101
70 101 171 8097.8826
70 102 172 8097.4295
70 103 173 8087.4276
70 104 174 8083.8481
70 105 175 8070.9253
70 106 176 8064.0853
70 107 177 8049.9741
70 108 178 8042.7386
70 109 179 8026
70 110 180 8016
70 111 181 7996
70 112 182 7984
70 113 183 7963
70 114 184 7951
70 115 185 7929
71 79 150 7866
71 80 151 7904
71 81 152 7926
71 82 153 7959.0882
71 83 154 7968
71 84 155 7987.4369
71 85 156 7995.3752
71 86 157 8013.3128
71 87 158 8018.5685
71 88 159 8034.6009
71 89 160 8038.3387
71 90 161 8052.7821
71 91 162 8054.5596
71 92 163 8066.6848
71 93 164 8065.8043
71 94 165 8076.746
71 95 166 8074.1756
71 96 167 8083.1722
71 97 168 8080.4026
71 98 169 8086.3233
71 99 170 8081.6686
71 100 171 8084.6621
71 101 172 8078.2334
71 102 173 8079.0312
71 103 174 8071.454
71 104 175 8069.1412
71 105 176 8059.0209
71 106 177 8053.4495
71 107 178 8042.0554
71 108 179 8035.0744
71 109 180 8022.0394
71 110 181 8011.9301
71 111 182 7996
71 112 183 7984.8125
71 113 184 7967
71 114 185 7955
71 115 186 7936
71 116 187 7923
71 117 188 7903
72 79 151
72 81 153 7882
72 82 154 7918
72 83 155 7929
72 84 156 7952.6676
72 85 157 7960
72 86 158 7981.2764
72 87 159 7986.561
72 88 160 8006.3791
72 89 161 8009.1245
72 90 162 8027.1171
72 91 163 8028.0072
72 92 164 8043.8142
72 93 165 8042.8728
72 94 166 8056.4386
72 95 167 8054.185
72 96 168 8065.5536
72 97 169 8061.7791
72 98 170 8070.8762
72 99 171 8066.0687
72 100 172 8071.7439
72 101 173 8066.0164
72 102 174 8068.5341
72 103 175 8060.7625
72 104 176 8061.3604
72 105 177 8051.8365
72 106 178 8049.4438
72 107 179 8038.5474
72 108 180 8034.9319
72 109 181 8022.003
72 110 182 8014.8381
72 111 183 8000.0315
72 112 184 7990.7228
72 113 185 7973.9711
72 114 186 7964.3032
72 115 187 7947
72 116 188 7936
72 117 189 7917
72 118 190 7905
73 82 155 7858
73 83 156 7872
73 84 157 7896.0608
73 85 158 7907
73 86 159 7928.7258
73 87 160 7938.2704
73 88 161 7957.45
73 89 162 7964.3432
73 90 163 7981.8905
73 91 164 7986.9978
73 92 165 8003.0547
73 93 166 8004.9714
73 94 167 8018.8614
73 95 168 8019.4287
73 96 169 8030.9577
73 97 170 8030.2965
73 98 171 8039.7914
73 99 172 8037.7056
73 100 173 8044.065
73 101 174 8040.4528
73 102 175 8044.4456
73 103 176 8038.6706
73 104 177 8040.8289
73 105 178 8035
73 106 179 8033.5869
73 107 180 8025.8864
73 108 181 8023.405
73 109 182 8012.6332
73 110 183 8006.74
73 111 184 7993.7535
73 112 185 7986.3615
73 113 186 7971.8357
73 114 187 7963.2123
73 115 188 7948
73 116 189 7938
73 117 190 7922
73 118 191 7911
73 119 192 7894
73 120 193 7883
73 121 194 7865
74 83 157 7828
74 84 158 7855
74 85 159 7867
74 86 160 7892.7893
74 87 161 7901
74 88 162 7923.8214
74 89 163 7930.3043
74 90 164 7951.4515
74 91 165 7955.9704
74 92 166 7974.8951
74 93 167 7976.7045
74 94 168 7993.9327
74 95 169 7994.5381
74 96 170 8008.9482
74 97 171 8008.1158
74 98 172 8020.1757
74 99 173 8018.3337
74 100 174 8027.2572
74 101 175 8024.113
74 102 176 8030.1131
74 103 177 8025.0359
74 104 178 8029.2584
74 105 179 8023.2821
74 106 180 8025.4434
74 107 181 8017.9494
74 108 182 8018.3096
74 109 183 8008.3234
74 110 184 8005.0777
74 111 185 7992.9083
74 112 186 7988.6026
74 113 187 7975.1168
74 114 188 7969.0532
74 115 189 7954
74 116 190 7947.5031
74 117 191 7931.4359
74 118 192 7924
74 119 193 7907
74 120 194 7899
74 121 195 7881
74 122 196 7872
74 123 197 7853
75 84 159 7795
75 85 160 7810
75 86 161 7836.3292
75 87 162 7848
75 88 163 7870.8655
75 89 164 7881.0523
75 90 165 7901.5201
75 91 166 7909.6392
75 92 167 7929
75 93 168 7935.1208
75 94 169 7951.3963
75 95 170 7955.012
75 96 171 7969.4131
75 97 172 7971.846
75 98 173 7983.9068
75 99 174 7985.0944
75 100 175 7994.8168
75 101 176 7993.9707
75 102 177 8001.2229
75 103 178 7998.1576
75 104 179 8003.7666
75 105 180 7999.9922
75 106 181 8004.1434
75 107 182 7998.6264
75 108 183 8001.0101
75 109 184 7992.7517
75 110 185 7991.0101
75 111 186 7981.2713
75 112 187 7977.9519
75 113 188 7966.7481
75 114 189 7961.8105
75 115 190 7949.7759
75 116 191 7943.9588
75 117 192 7930.2389
75 118 193 7923.9378
75 119 194 7909
75 120 195 7901
75 121 196 7886
75 122 197 7877
75 123 198 7861
75 124 199 7850
76 85 161 7765
76 86 162 7794
76 87 163 7807
76 88 164 7833.308
76 89 165 7843
76 90 166 7866.3371
76 91 167 7873.9557
76 92 168 7895.9408
76 93 169 7901.2862
76 94 170 7921.1258
76 95 171 7924.1769
76 96 172 7942.1626
76 97 173 7944.0341
76 98 174 7959.4618
76 99 175 7960.7294
76 100 176 7972.8681
76 101 177 7972.4371
76 102 178 7981.9128
76 103 179 7979.4844
76 104 180 7987.4171
76 105 181 7983.4263
76 106 182 7989.7287
76 107 183 7985.0087
76 108 184 7988.6778
76 109 185 7981.3047
76 110 186 7982.8324
76 111 187 7973.7814
76 112 188 7973.8656
76 113 189 7963.0029
76 114 190 7962.1047
76 115 191 7950.5687
76 116 192 7948.526
76 117 193 7936.2716
76 118 194 7932.0232
76 119 195 7917.7449
76 120 196 7912.2301
76 121 197 7897
76 122 198 7890
76 123 199 7874
76 124 200 7867
76 125 201 7849
76 126 202 7839
76 127 203 7814
77 87 164 7750
77 88 165 7776
77 89 166 7789
77 90 167 7812.8254
77 91 168 7823.8509
77 92 169 7845.5944
77 93 170 7853
77 94 171 7873.4895
77 95 172 7880.2637
77 96 173 7898.068
77 97 174 7902.0377
77 98 175 7917.9112
77 99 176 7921.5522
77 100 177 7934.6328
77 101 178 7936.563
77 102 179 7947.5248
77 103 180 7947.6337
77 104 181 7956.5242
77 105 182 7954.8948
77 106 183 7961.8176
77 107 184 7959.1992
77 108 185 7963.7226
77 109 186 7958.0473
77 110 187 7960.6692
77 111 188 7954.8512
77 112 189 7956.0214
77 113 190 7947.7017
77 114 191 7948.1144
77 115 192 7938.9999
77 116 193 7938.1346
77 117 194 7928.4885
77 118 195 7924.916
77 119 196 7914.1487
77 120 197 7909.0003
77 121 198 7897
77 122 199 7891.2066
77 123 200 7878
77 124 201 7870
77 125 202 7855
77 126 203 7845
77 127 204 7823
77 128 205 7805
78 87 165 7703
78 88 166 7733
78 89 167 7746
78 90 168 7773.6217
78 91 169 7784
78 92 170 7808.2365
78 93 171 7816.6017
78 94 172 7839.246
78 95 173 7845.3856
78 96 174 7866.1143
78 97 175 7869.5216
78 98 176 7888.9934
78 99 177 7892.4896
78 100 178 7908.253
78 101 179 7910.6759
78 102 180 7923.5781
78 103 181 7924.1271
78 104 182 7934.7541
78 105 183 7933.3406
78 106 184 7942.5649
78 107 185 7939.7779
78 108 186 7946.8094
78 109 187 7941.1699
78 110 188 7947.9027
78 111 189 7941.4045
78 112 190 7946.4941
78 113 191 7938.7279
78 114 192 7942.4923
78 115 193 7933.7875
78 116 194 7935.942
78 117 195 7926.553
78 118 196 7926.5297
78 119 197 7915.9714
78 120 198 7914.1512
78 121 199 7902.3011
78 122 200 7899.1986
78 123 201 7885.8337
78 124 202 7881.5609
78 125 203 7867
78 126 204 7859
78 127 205 7836
78 128 206 7820
78 129 207 7797
78 130 208 7780
79 91 170 7730
79 92 171 7754.1069
79 93 172 7766.1587
79 94 173 7788.2348
79 95 174 7797
79 96 175 7817.5939
79 97 176 7825.3837
79 98 177 7843.8623
79 99 178 7849.3946
79 100 179 7865.6374
79 101 180 7870.3194
79 102 181 7883.8359
79 103 182 7887.2442
79 104 183 7898.5644
79 105 184 7900.1947
79 106 185 7909.441
79 107 186 7909.5409
79 108 187 7917.4323
79 109 188 7914.7537
79 110 189 7921.9876
79 111 190 7918.8345
79 112 191 7924.6819
79 113 192 7920.1033
79 114 193 7924.1648
79 115 194 7918.7744
79 116 195 7921.3778
79 117 196 7914.8553
79 118 197 7915.6548
79 119 198 7908.5675
79 120 199 7906.9379
79 121 200 7898.4915
79 122 201 7895.1752
79 123 202 7885.91
79 124 203 7880.865
79 125 204 7868
79 126 205 7860
79 127 206 7840
79 128 207 7824
79 129 208 7803
79 130 209 7786
79 131 210 7764
80 90 170 7671
80 91 171 7686
80 92 172 7713.6064
80 93 173 7725
80 94 174 7749.7851
80 95 175 7759.2134
80 96 176 7782.664
80 97 177 7789.8947
80 98 178 7811.3607
80 99 179 7816.2631
80 100 180 7836.1111
80 101 181 7839.6792
80 102 182 7856.9726
80 103 183 7859.3885
80 104 184 7874.3454
80 105 185 7874.5391
80 106 186 7888.2605
80 107 187 7886.9905
80 108 188 7899.034
80 109 189 7896.9192
80 110 190 7907.0174
80 111 191 7903.8002
80 112 192 7912.0666
80 113 193 7907.973
80 114 194 7914.5974
80 115 195 7909.398
80 116 196 7914.37
80 117 197 7908.6402
80 118 198 7911.5532
80 119 199 7905.2794
80 120 200 7905.8956
80 121 201 7897.5607
80 122 202 7896.8505
80 123 203 7887.4828
80 124 204 7885.5455
80 125 205 7874.7325
80 126 206 7869.1723
80 127 207 7848.6112
80 128 208 7834.1914
80 129 209 7813
80 130 210 7799
80 131 211 7777
80 132 212 7762
80 133 213 7739
80 134 214 7724
80 135 215 7701
80 136 216 7685
81 95 176 7707.9383
81 96 177 7732.1655
81 97 178 7741
81 98 179 7763.4942
81 99 180 7771.431
81 100 181 7791.9183
81 101 182 7796.3571
81 102 183 7815.6741
81 103 184 7818.6727
81 104 185 7835.5756
81 105 186 7837.5161
81 106 187 7852.465
81 107 188 7853.0537
81 108 189 7866.2704
81 109 190 7866.0345
81 110 191 7877.1445
81 111 192 7876.0167
81 112 193 7885.3445
81 113 194 7883.5211
81 114 195 7890.7293
81 115 196 7888.29
81 116 197 7893.5725
81 117 198 7890.3011
81 118 199 7893.8773
81 119 200 7889.7037
81 120 201 7891.2717
81 121 202 7886.2206
81 122 203 7886.053
81 123 204 7880.0238
81 124 205 7878.3946
81 125 206 7871.7219
81 126 207 7866.7979
81 127 208 7847.1835
81 128 209 7833.3979
81 129 210 7813.589
81 130 211 7799.7915
81 131 212 7780
81 132 213 7765.4311
81 133 214 7745
81 134 215 7730
81 135 216 7709
81 136 217 7693
82 96 178 7690.8359
82 97 179 7701.463
82 98 180 7725.6993
82 99 181 7734.0704
82 100 182 7756.3296
82 101 183 7762.179
82 102 184 7782.7264
82 103 185 7786.933
82 104 186 7805.342
82 105 187 7808.401
82 106 188 7824.8211
82 107 189 7826.2999
82 108 190 7841.1294
82 109 191 7841.6782
82 110 192 7854.6482
82 111 193 7854.0994
82 112 194 7865.4181
82 113 195 7864.0647
82 114 196 7873.3374
82 115 197 7871.2822
82 116 198 7878.9695
82 117 199 7875.7366
82 118 200 7881.8101
82 119 201 7877.8782
82 120 202 7882.1505
82 121 203 7877.397
82 122 204 7879.9326
82 123 205 7874.3313
82 124 206 7875.362
82 125 207 7869.8664
82 126 208 7867.453
82 127 209 7848.6488
82 128 210 7835.9656
82 129 211 7817.0079
82 130 212 7804.3203
82 131 213 7785.1732
82 132 214 7772.3955
82 133 215 7752.7381
82 134 216 7740
82 135 217 7719
82 136 218 7705
82 137 219 7684
82 138 220 7670
83 101 184 7712
83 102 185 7732
83 103 186 7739.1175
83 104 187 7758.2083
83 105 188 7764.1904
83 106 189 7780.9999
83 107 190 7785.3239
83 108 191 7800.6613
83 109 192 7803.6084
83 110 193 7817.1718
83 111 194 7819.1955
83 112 195 7830.7579
83 113 196 7831.9009
83 114 197 7841.6348
83 115 198 7841.2123
83 116 199 7849.5232
83 117 200 7848.4969
83 118 201 7854.8713
83 119 202 7852.5857
83 120 203 7857.4762
83 121 204 7854.2157
83 122 205 7857.3218
83 123 206 7853.3249
83 124 207 7854.5053
83 125 208 7849.8534
83 126 209 7847.9869
83 127 210 7832.5424
83 128 211 7819.7745
83 129 212 7803.314
83 130 213 7791.0217
83 131 214 7773.4955
83 132 215 7761.7177
83 133 216 7743.4996
83 134 217 7731.8491
83 135 218 7712.828
83 136 219 7700
83 137 220 7681
83 138 221 7668
83 139 222 7648
83 140 223 7636
83 141 224 7616
84 102 186 7695.9488
84 103 187 7704.7889
84 104 188 7724.6544
84 105 189 7731.1321
84 106 190 7749.4526
84 107 191 7753.7871
84 108 192 7771.0542
84 109 193 7773.951
84 110 194 7789.2947
84 111 195 7791.3155
84 112 196 7804.7445
84 113 197 7805.7136
84 114 198 7817.5611
84 115 199 7817.6582
84 116 200 7827.4407
84 117 201 7826.5619
84 118 202 7834.8053
84 119 203 7832.8632
84 120 204 7839.0823
84 121 205 7836.2168
84 122 206 7840.5973
84 123 207 7836.6734
84 124 208 7839.3568
84 125 209 7835.1882
84 126 210 7834.3462
84 127 211 7818.7842
84 128 212 7810.2438
84 129 213 7794.024
84 130 214 7785.1163
84 131 215 7768.1768
84 132 216 7758.8205
84 133 217 7741.3614
84 134 218 7731.53
84 135 219 7713.334
84 136 220 7703.2244
84 137 221 7684.4814
84 138 222 7674.0054
84 139 223 7655
84 140 224 7644
84 141 225 7626
84 142 226 7614
84 143 227 7596
85 106 191 7702.9233
85 107 192 7709.7283
85 108 193 7727.1099
85 109 194 7732.2304
85 110 195 7748.0914
85 111 196 7752.0001
85 112 197 7766.0174
85 113 198 7769.3446
85 114 199 7781.4883
85 115 200 7783.7601
85 116 201 7794.1536
85 117 202 7794.5637
85 118 203 7803.6487
85 119 204 7803.5522
85 120 205 7810.2694
85 121 206 7808.8904
85 122 207 7813.9653
85 123 208 7811.5604
85 124 209 7814.7835
85 125 210 7811.6638
85 126 211 7811.3545
85 127 212 7798.34
85 128 213 7790.0036
85 129 214 7776.3632
85 130 215 7767.8627
85 131 216 7753.0024
85 132 217 7744.6172
85 133 218 7729.1175
85 134 219 7720.197
85 135 220 7703.7033
85 136 221 7694.4754
85 137 222 7677.3878
85 138 223 7668.0557
85 139 224 7650.7354
85 140 225 7641
85 141 226 7624
85 142 227 7613
85 143 228 7596
85 144 229 7585
86 107 193 7675.853
86 108 194 7694.9961
86 109 195 7700.3841
86 110 196 7717.966
86 111 197 7722.119
86 112 198 7737.7245
86 113 199 7741.0568
86 114 200 7754.9111
86 115 201 7757.0174
86 116 202 7769.3018
86 117 203 7770.3437
86 118 204 7780.5743
86 119 205 7780.7226
86 120 206 7789.0417
86 121 207 7787.9987
86 122 208 7794.2678
86 123 209 7792.1755
86 124 210 7796.6653
86 125 211 7793.9412
86 126 212 7794.7963
86 127 213 7782.1824
86 128 214 7777.1023
86 129 215 7763.8164
86 130 216 7758.6553
86 131 217 7744.4037
86 132 218 7738.7527
86 133 219 7723.7784
86 134 220 7717.2552
86 135 221 7701.3941
86 136 222 7694.4991
86 137 223 7678.172
86 138 224 7670.7514
86 139 225 7654.3581
86 140 226 7646.4108
86 141 227 7630.0508
86 142 228 7621.6457
86 143 229 7605.6227
86 144 230 7595
86 145 231 7579
87 110 197 7673.764
87 111 198 7679.1873
87 112 199 7695.2599
87 113 200 7700.3292
87 114 201 7714.8367
87 115 202 7719.0125
87 116 203 7731.7092
87 117 204 7734.6931
87 118 205 7745.687
87 119 206 7746.9621
87 120 207 7756.2689
87 121 208 7756.8985
87 122 209 7763.7485
87 123 210 7763.1243
87 124 211 7768.3613
87 125 212 7766.8455
87 126 213 7768.4543
87 127 214 7757.7393
87 128 215 7753.2607
87 129 216 7742.4513
87 130 217 7737.775
87 131 218 7726.7143
87 132 219 7721.1759
87 133 220 7709.743
87 134 221 7703.2572
87 135 222 7690.9474
87 136 223 7683.6655
87 137 224 7670.368
87 138 225 7662.9412
87 139 226 7648.3768
87 140 227 7640.7162
87 141 228 7626.3689
87 142 229 7618.338
87 143 230 7603.7052
87 144 231 7594.5009
87 145 232 7579.3481
87 146 233 7569.2398
88 113 201 7669.4108
88 114 202 7685.5684
88 115 203 7689.8015
88 116 204 7704.1238
88 117 205 7707.1698
88 118 206 7719.8028
88 119 207 7721.7503
88 120 208 7732.0177
88 121 209 7733.0177
88 122 210 7741.3687
88 123 211 7741.0887
88 124 212 7747.5078
88 125 213 7746.4726
88 126 214 7749.1719
88 127 215 7739.3249
88 128 216 7737.3458
88 129 217 7726.9122
88 130 218 7725.0241
88 131 219 7714.056
88 132 220 7711.6879
88 133 221 7701.1352
88 134 222 7696.6931
88 135 223 7685.3101
88 136 224 7679.9236
88 137 225 7667.5866
88 138 226 7661.9636
88 139 227 7648.3048
88 140 228 7642.4289
88 141 229 7628.4862
88 142 230 7621.9144
88 143 231 7607.8418
88 144 232 7600.0099
88 145 233 7585.5644
88 146 234 7576.5439
89 116 205 7662.8519
89 117 206 7667.8538
89 118 207 7681.1001
89 119 208 7684.8289
89 120 209 7695.8455
89 121 210 7698.0182
89 122 211 7707.468
89 123 212 7708.4479
89 124 213 7715.5908
89 125 214 7715.8874
89 126 215 7719.4137
89 127 216 7711.2319
89 128 217 7710.3448
89 129 218 7702.145
89 130 219 7700.5489
89 131 220 7692.3515
89 132 221 7690.5039
89 133 222 7682.8015
89 134 223 7679.1479
89 135 224 7670.1438
89 136 225 7665.6906
89 137 226 7655.6628
89 138 227 7650.7084
89 139 228 7639.1973
89 140 229 7633.2446
89 141 230 7621.4604
89 142 231 7615.0768
89 143 232 7602.4245
89 144 233 7595.1939
89 145 234 7582.1297
89 146 235 7573.5051
89 147 236 7559.2423
90 118 208 7652.5716
90 119 209 7656
90 120 210 7669.0764
90 121 211 7671.8506
90 122 212 7682.0628
90 123 213 7683.847
90 124 214 7692.3173
90 125 215 7693.0266
90 126 216 7697.6617
90 127 217 7690.5945
90 128 218 7691.6026
90 129 219 7683.7655
90 130 220 7684.4964
90 131 221 7676.064
90 132 222 7676.6592
90 133 223 7668.6426
90 134 224 7667.7162
90 135 225 7659.2229
90 136 226 7657.1195
90 137 227 7647.4591
90 138 228 7645.0807
90 139 229 7634.651
90 140 230 7630.9974
90 141 231 7620.1188
90 142 232 7615.0338
90 143 233 7602.8937
90 144 234 7596.8557
90 145 235 7584.3862
90 146 236 7576.9688
90 147 237 7563.4433
90 148 238 7555
91 120 211 7629.3948
91 121 212 7633.6289
91 122 213 7644.8027
91 123 214 7647.7037
91 124 215 7657.3733
91 125 216 7659.2006
91 126 217 7664.6438
91 127 218 7659.1935
91 128 219 7661.3783
91 129 220 7655.5364
91 130 221 7656.9809
91 131 222 7651.2373
91 132 223 7651.8957
91 133 224 7646.9612
91 134 225 7646.6504
91 135 226 7641.1093
91 136 227 7639.4945
91 137 228 7632.2076
91 138 229 7629.8752
91 139 230 7621.8958
91 140 231 7618.4267
91 141 232 7609.5072
91 142 233 7604.8675
91 143 234 7594.6837
91 144 235 7588.4139
91 145 236 7577.5573
91 146 237 7570.3847
91 147 238 7558.3449
91 148 239 7550
92 123 215 7620.7821
92 124 216 7631.3072
92 125 217 7634
92 126 218 7640.7191
92 127 219 7636.2867
92 129 221 7634.6849
92 130 222 7637.7651
92 131 223 7631.7611
92 132 224 7635.0742
92 133 225 7629.7717
92 134 226 7631.9166
92 135 227 7626.2918
92 136 228 7627.4763
92 137 229 7620.7218
92 138 230 7620.9227
92 139 231 7613.3879
92 140 232 7611.8984
92 141 233 7603.9574
92 142 234 7600.716
92 143 235 7590.9151
92 144 236 7586.4854
92 145 237 7576.1026
92 146 238 7570.1262
92 147 239 7558.5624
92 148 240 7551.7705
92 149 241 7539
92 150 242 7532
92 151 243 7518
93 126 219 7604.6732
93 127 220 7602.0758
93 129 222 7602.7013
93 130 223 7607.5654
93 131 224 7603.5032
93 132 225 7607.4231
93 133 226 7604.1714
93 134 227 7607.2771
93 135 228 7604
93 136 229 7605.9921
93 137 230 7601.7751
93 138 231 7602.1321
93 139 232 7597
93 140 233 7596.1816
93 141 234 7589.6382
93 142 235 7587.0571
93 143 236 7579.2148
93 144 237 7574.9895
93 145 238 7566.222
93 146 239 7560.568
93 147 240 7550.1743
93 148 241 7544.0426
93 149 242 7533.4042
93 150 243 7526
93 151 244 7514
94 134 228 7590.4039
94 135 229 7586.8834
94 136 230 7591.0016
94 137 231 7587.1224
94 138 232 7588.9839
94 139 233 7583.7968
94 140 234 7584.6061
94 141 235 7578.8799
94 142 236 7577.9192
94 143 237 7570.7599
94 144 238 7568.3611
94 145 239 7560.3187
94 146 240 7556.0433
94 147 241 7546.4395
94 148 242 7541.3284
94 149 243 7531.0087
94 150 244 7524.8154
94 151 245 7513.2822
94 152 246 7506.5401
94 153 247 7493
95 128 223 7547
95 134 229 7562.5697
95 135 230 7562
95 137 232 7564
95 138 233 7567
95 139 234 7564
95 140 235 7565.1582
95 141 236 7561
95 142 237 7561
95 143 238 7555.5853
95 144 239 7553.6891
95 145 240 7547.0136
95 146 241 7543.2795
95 147 242 7534.9917
95 148 243 7530.1742
95 149 244 7521.3095
95 150 245 7515.3043
95 151 246 7505
95 152 247 7499
95 153 248 7487
96 137 233 7546.002
96 138 234 7550.6868
96 139 235 7547
96 140 236 7550.309
96 141 237 7546.6241
96 142 238 7547.9966
96 143 239 7543.0659
96 144 240 7542.8617
96 145 241 7536.8488
96 146 242 7534.504
96 147 243 7526.9261
96 148 244 7523.9527
96 149 245 7515.7677
96 150 246 7511.4716
96 151 247 7501.9318
96 152 248 7496.7291
96 153 249 7485.551
96 154 250 7478.9385
96 155 251 7466.7233
97 136 233 7519
97 137 234 7519
97 139 236 7523
97 141 238 7525
97 142 239 7527
97 143 240 7523
97 144 241 7524
97 145 242 7519
97 146 243 7517.5021
97 147 244 7511.4759
97 148 245 7509.2714
97 149 246 7502.8035
97 150 247 7498.9408
97 151 248 7490.5975
97 152 249 7486.041
97 153 250 7475.9594
97 154 251 7469.2637
97 156 253 7451
98 139 237 7503.3507
98 140 238 7509
98 141 239 7507
98 142 240 7510.24
98 143 241 7507
98 144 242 7509.0991
98 145 243 7505
98 146 244 7505.1373
98 147 245 7499.6644
98 148 246 7499.122
98 149 247 7493.2638
98 150 248 7491.044
98 151 249 7483.3954
98 152 250 7479.9567
98 153 251 7470.5014
98 154 252 7465.3474
98 155 253 7454.8297
98 156 254 7449.2259
98 157 255 7438
98 158 256 7432
99 141 240 7481
99 142 241 7485
99 143 242 7483
99 144 243 7486
99 145 244 7483
99 146 245 7485
99 147 246 7480.7849
99 148 247 7480.1005
99 149 248 7476
99 150 249 7474
99 151 250 7469
99 152 251 7465.8842
99 153 252 7457.2428
99 154 253 7452.8879
99 155 254 7443.5759
99 156 255 7437.8216
99 157 256 7428
99 158 257 7422
100 141 241 7459
100 142 242 7465
100 143 243 7464
100 144 244 7468
100 145 245 7465
100 146 246 7467.9608
100 147 247 7464
100 148 248 7465.9451
100 149 249 7461.8649
100 150 250 7462.0905
100 151 251 7457.0013
100 152 252 7456.0351
100 153 253 7448.4712
100 154 254 7444.7936
100 155 255 7435.886
100 156 256 7431.7888
100 157 257 7422.1942
100 158 258 7418
100 159 259 7407
101 143 244 7438
101 144 245 7441
101 145 246 7441
101 146 247 7444
101 147 248 7442
101 148 249 7444.0169
101 149 250 7441.6533
101 150 251 7441.9005
101 151 252 7438.4444
101 152 253 7438
101 153 254 7432
101 154 255 7428.7333
101 155 256 7421
101 156 257 7417.5845
101 157 258 7409.6615
101 158 259 7405
101 159 260 7396
102 146 248 7424
102 147 249 7422
102 148 250 7426
102 149 251 7423
102 150 252 7425.7992
102 151 253 7422.4719
102 152 254 7423.5909
102 153 255 7417.9403
102 154 256 7416.5429
102 155 257 7409.6587
102 156 258 7407
102 157 259 7399.9714
102 158 260 7397
102 160 262 7385
103 149 252 7400
103 150 253 7402.918
103 151 254 7401.1306
103 152 255 7402.5767
103 153 256 7398.1605
103 154 257 7397
103 155 258 7392
103 156 259 7390
103 157 260 7383
103 158 261 7381
103 159 262 7374
103 161 264 7363
103 163 266 7349
104 149 253 7380
104 150 254 7384
104 151 255 7382
104 152 256 7385.4349
104 153 257 7381.7053
104 154 258 7382.5257
104 155 259 7377
104 156 260 7377
104 157 261 7371.3858
104 158 262 7370
104 159 263 7364
104 161 265 7354
104 163 267 7342
105 150 255 7359
105 151 256 7359
105 152 257 7361.9767
105 153 258 7359.4803
105 154 259 7360.3626
105 155 260 7357
105 156 261 7357
105 157 262 7352
105 158 263 7352
105 161 266 7339
105 162 267 7337
105 163 268 7328
105 165 270 7314
106 152 258 7342
106 153 259 7340
106 154 260 7342.5632
106 155 261 7339.771
106 156 262 7341.1736
106 157 263 7337
106 158 264 7338
106 159 265 7333
106 160 266 7332
106 161 267 7327
106 163 269 7318
106 165 271 7305
107 153 260 7314
107 154 261 7317.3313
107 155 262 7315.7331
107 156 263 7318
107 157 264 7315
107 158 265 7316
107 159 266 7313
107 160 267 7313
107 163 270 7301
107 164 271 7298
107 165 272 7290
107 167 274 7278
107 171 278 7251
108 155 263 7295
108 156 264 7298.3762
108 157 265 7296.2474
108 158 266 7298.2611
108 159 267 7295
108 160 268 7297
108 161 269 7294
108 162 270 7295
108 163 271 7288
108 165 273 7279
108 167 275 7268
108 169 277 7256
108 170 278 7252
109 157 266 7270.7598
109 159 268 7271
109 161 270 7271
109 165 274 7259
109 166 275 7257
109 167 276 7250
109 168 277 7247
109 169 278 7240
109 173 282 7218
110 157 267 7248
110 159 269 7250.1551
110 160 270 7253.7634
110 161 271 7252
110 163 273 7250
110 167 277 7237
110 169 279 7229
110 170 280 7227
110 171 281 7220
110 172 282 7217
111 161 272 7227
111 163 274 7227
111 167 278 7218
111 168 279 7216
111 169 280 7212
111 170 281 7209
111 171 282 7204
111 175 286 7185
112 165 277 7205
112 169 281 7197
112 170 282 7197
112 171 283 7192
112 172 284 7191
112 173 285 7185
112 174 286 7183
113 165 278 7181
113 169 282 7177
113 170 283 7177
113 171 284 7173
113 172 285 7172
113 173 286 7168
113 177 290 7152
114 170 284 7163
114 171 285 7159
114 172 286 7159
114 173 287 7155
114 174 288 7154
114 175 289 7149
114 176 290 7147
115 172 287 7139
115 173 288 7135
115 174 289 7135
115 175 290 7131
116 174 290 7120
116 175 291 7116
116 176 292 7116
116 177 293 7111
117 176 293 7095
117 177 294 7092
118 176 294 7079
